Dataset: Euu_kx
Shape: (512, 96)
Data:
[[0.00000000e+00 2.23452777e-08 3.05390557e-07 ... 5.70567700e-04
  5.64442170e-04 5.61399176e-04]
 [9.31519783e-40 4.33669690e-08 5.92696526e-07 ... 1.21171870e-03
  1.19369879e-03 1.18465981e-03]
 [1.02030570e-39 3.29565885e-08 4.50429534e-07 ... 9.07576046e-04
  8.96751633e-04 8.91273377e-04]
 ...
 [9.64968368e-49 9.74916707e-19 1.26680739e-17 ... 8.24637962e-13
  7.88090588e-13 7.74776142e-13]
 [9.22331917e-49 9.50233264e-19 1.23561582e-17 ... 8.10358904e-13
  7.78021841e-13 7.63190833e-13]
 [8.45370011e-49 8.76030353e-19 1.13946839e-17 ... 7.98046606e-13
  7.64460207e-13 7.50867454e-13]]

Dataset: Euu_kz
Shape: (256, 96)
Data:
[[2.05946435e-39 9.34070164e-10 1.27415388e-08 ... 1.45626031e-04
  1.45473739e-04 1.45391260e-04]
 [2.33711927e-39 2.21379141e-09 3.02099128e-08 ... 3.65406331e-04
  3.64642979e-04 3.64262910e-04]
 [1.49617560e-39 2.40544508e-09 3.28312557e-08 ... 3.79808460e-04
  3.76523615e-04 3.74864825e-04]
 ...
 [3.46246923e-49 2.75479087e-17 3.76556151e-16 ... 1.29514116e-13
  1.21359693e-13 1.16696216e-13]
 [3.19723017e-49 2.58866800e-17 3.53849124e-16 ... 1.32621183e-13
  1.24429456e-13 1.19606088e-13]
 [2.96312199e-49 2.44676631e-17 3.34454142e-16 ... 1.27847378e-13
  1.19751018e-13 1.14859951e-13]]

Dataset: Euv_kx
Shape: (512, 96)
Data:
[[ 0.00000000e+00 -1.42579249e-12 -7.19341614e-11 ... -1.97141505e-05
  -1.18068890e-05 -3.93194192e-06]
 [ 0.00000000e+00 -2.66352354e-12 -1.34387904e-10 ... -4.66562635e-05
  -2.79022546e-05 -9.28565414e-06]
 [ 0.00000000e+00 -2.20057781e-12 -1.11035158e-10 ... -4.18064804e-05
  -2.50660364e-05 -8.35263112e-06]
 ...
 [ 0.00000000e+00  5.96818687e-23  1.24583201e-21 ...  2.84411399e-13
   1.68589480e-13  5.58991104e-14]
 [ 0.00000000e+00  6.50851851e-23  1.56210791e-21 ...  2.79290309e-13
   1.68078654e-13  5.60718517e-14]
 [ 0.00000000e+00  5.20088573e-23  1.06251359e-21 ...  2.77391571e-13
   1.66298725e-13  5.58663062e-14]]

Dataset: Euv_kz
Shape: (256, 96)
Data:
[[ 0.00000000e+00 -2.41004200e-17 -4.40986211e-15 ... -2.75926184e-06
  -1.64200399e-06 -5.44656703e-07]
 [ 0.00000000e+00 -3.13463190e-15 -1.64695186e-13 ... -7.66061077e-06
  -4.64353089e-06 -1.55581307e-06]
 [ 0.00000000e+00 -9.93173423e-15 -5.08266236e-13 ... -1.52508921e-05
  -9.19671436e-06 -3.07358891e-06]
 ...
 [ 0.00000000e+00 -2.35331304e-20 -1.17909536e-18 ... -2.28866885e-15
  -1.39117869e-15 -4.15992779e-16]
 [ 0.00000000e+00 -2.18154366e-20 -1.09293006e-18 ... -2.88865941e-15
  -1.74394420e-15 -5.61582124e-16]
 [ 0.00000000e+00 -2.04100673e-20 -1.02242932e-18 ... -2.44043243e-15
  -1.53733581e-15 -4.97401505e-16]]

Dataset: Evv_kx
Shape: (512, 96)
Data:
[[0.00000000e+00 3.16550075e-16 5.87998914e-14 ... 6.42773120e-05
  6.38299766e-05 6.36059973e-05]
 [0.00000000e+00 6.13659630e-16 1.13982371e-13 ... 1.29457180e-04
  1.28308115e-04 1.27734325e-04]
 [0.00000000e+00 5.98184253e-16 1.11094063e-13 ... 1.44449038e-04
  1.43384828e-04 1.42849310e-04]
 ...
 [0.00000000e+00 2.00163608e-23 3.62026066e-21 ... 4.62052950e-12
  4.47557358e-12 4.39022907e-12]
 [0.00000000e+00 1.96635264e-23 3.55831010e-21 ... 4.56467462e-12
  4.42427615e-12 4.35037783e-12]
 [0.00000000e+00 1.79627834e-23 3.25066925e-21 ... 4.53269123e-12
  4.39383372e-12 4.32297793e-12]]

Dataset: Evv_kz
Shape: (256, 96)
Data:
[[0.00000000e+00 1.11475837e-17 2.06760959e-15 ... 1.15263105e-04
  1.15526654e-04 1.15659109e-04]
 [0.00000000e+00 2.25414143e-17 4.18105567e-15 ... 2.24013674e-04
  2.24483104e-04 2.24716861e-04]
 [0.00000000e+00 2.29673391e-17 4.26000035e-15 ... 2.24554706e-04
  2.24973554e-04 2.25187939e-04]
 ...
 [0.00000000e+00 4.74458041e-22 8.62034754e-20 ... 9.10186508e-14
  8.68129533e-14 8.44346343e-14]
 [0.00000000e+00 4.42843893e-22 8.04525501e-20 ... 9.21269419e-14
  8.82421901e-14 8.61357370e-14]
 [0.00000000e+00 4.15901041e-22 7.55535363e-20 ... 8.91537315e-14
  8.50327530e-14 8.26541388e-14]]

Dataset: Eww_kx
Shape: (512, 96)
Data:
[[3.35196639e-39 2.04510103e-09 2.78095803e-08 ... 6.80076485e-05
  6.75528200e-05 6.73255659e-05]
 [6.79726405e-39 4.19837267e-09 5.71044337e-08 ... 1.70935090e-04
  1.69206240e-04 1.68325008e-04]
 [6.16126789e-39 4.02602716e-09 5.47547774e-08 ... 2.11910481e-04
  2.11728724e-04 2.11677444e-04]
 ...
 [1.70112704e-49 2.57655288e-19 3.39797217e-18 ... 5.48885807e-12
  5.31395447e-12 5.22523378e-12]
 [1.66922843e-49 2.53268359e-19 3.34267071e-18 ... 5.42712957e-12
  5.24946813e-12 5.16052165e-12]
 [1.45688407e-49 2.22922160e-19 2.94087073e-18 ... 5.36536606e-12
  5.18322687e-12 5.08224646e-12]]

Dataset: Eww_kz
Shape: (256, 96)
Data:
[[0.00000000e+00 7.39977175e-11 1.01131775e-09 ... 1.25563750e-04
  1.24952080e-04 1.24649326e-04]
 [6.59729595e-40 2.10600819e-10 2.87635610e-09 ... 3.02769149e-04
  3.01765228e-04 3.01283014e-04]
 [7.23239490e-40 2.76764751e-10 3.77726148e-09 ... 2.84590520e-04
  2.83242701e-04 2.82593176e-04]
 ...
 [1.74725022e-47 1.96687201e-17 2.58155148e-16 ... 1.21818517e-14
  1.15778545e-14 1.13446356e-14]
 [1.61988991e-47 1.82165143e-17 2.39066574e-16 ... 1.20412135e-14
  1.14666126e-14 1.12353251e-14]
 [1.51089074e-47 1.69792481e-17 2.22813403e-16 ... 1.15557396e-14
  1.09682954e-14 1.07317065e-14]]

Dataset: Lx
Shape: (1,)
Data:
[25.13274123]

Dataset: Ly
Shape: (1,)
Data:
[2.]

Dataset: Lz
Shape: (1,)
Data:
[9.42477796]

Dataset: Re
Shape: (1,)
Data:
[2857.14285714]

Dataset: Re_tau
Shape: (1,)
Data:
[182.08839093]

Dataset: Y_delta
Shape: (96,)
Data:
[1.11022302e-16 5.79146138e-05 2.14103019e-04 5.08896619e-04
 9.82587641e-04 1.67541775e-03 2.62756669e-03 3.87914089e-03
 5.41224755e-03 7.22645338e-03 9.32124563e-03 1.16960323e-02
 1.43501421e-02 1.72828249e-02 2.04932520e-02 2.39805159e-02
 2.77436310e-02 3.17815338e-02 3.60930831e-02 4.06770602e-02
 4.55321697e-02 5.06570392e-02 5.60502205e-02 6.17101891e-02
 6.76353455e-02 7.38240151e-02 8.02744486e-02 8.69848231e-02
 9.39532420e-02 1.01177736e-01 1.08656263e-01 1.16386709e-01
 1.24366890e-01 1.32594550e-01 1.41067364e-01 1.49782937e-01
 1.58738806e-01 1.67932439e-01 1.77361239e-01 1.87022540e-01
 1.96913612e-01 2.07031660e-01 2.17373823e-01 2.27937179e-01
 2.38718742e-01 2.49715465e-01 2.60924240e-01 2.72341899e-01
 2.83965215e-01 2.95790904e-01 3.07815622e-01 3.20035972e-01
 3.32448499e-01 3.45049695e-01 3.57835999e-01 3.70803797e-01
 3.83949424e-01 3.97269165e-01 4.10759255e-01 4.24415881e-01
 4.38235184e-01 4.52213258e-01 4.66346152e-01 4.80629872e-01
 4.95060381e-01 5.09633600e-01 5.24345412e-01 5.39191657e-01
 5.54168139e-01 5.69270627e-01 5.84494851e-01 5.99836509e-01
 6.15291265e-01 6.30854750e-01 6.46522566e-01 6.62290286e-01
 6.78153452e-01 6.94107581e-01 7.10148164e-01 7.26270667e-01
 7.42470534e-01 7.58743187e-01 7.75084026e-01 7.91488432e-01
 8.07951770e-01 8.24469386e-01 8.41036612e-01 8.57648766e-01
 8.74301152e-01 8.90989065e-01 9.07707787e-01 9.24452593e-01
 9.41218752e-01 9.58001523e-01 9.74796165e-01 9.91597930e-01]

Dataset: Y_plus
Shape: (96,)
Data:
[2.02158724e-14 1.05455788e-02 3.89856742e-02 9.26641664e-02
 1.78917803e-01 3.05074123e-01 4.78449391e-01 7.06346523e-01
 9.85507449e-01 1.31585327e+00 1.69729062e+00 2.12971169e+00
 2.61299428e+00 3.14700178e+00 3.73158328e+00 4.36657355e+00
 5.05179313e+00 5.78704836e+00 6.57213142e+00 7.40682044e+00
 8.29087951e+00 9.22405876e+00 1.02060945e+01 1.12367090e+01
 1.23156112e+01 1.34424961e+01 1.46170452e+01 1.58389265e+01
 1.71077947e+01 1.84232911e+01 1.97850441e+01 2.11926686e+01
 2.26457669e+01 2.41439283e+01 2.56867293e+01 2.72737340e+01
 2.89044937e+01 3.05785477e+01 3.22954226e+01 3.40546334e+01
 3.58556828e+01 3.76980618e+01 3.95812496e+01 4.15047141e+01
 4.34679116e+01 4.54702872e+01 4.75112750e+01 4.95902982e+01
 5.17067692e+01 5.38600897e+01 5.60496513e+01 5.82748351e+01
 6.05350122e+01 6.28295437e+01 6.51577812e+01 6.75190667e+01
 6.99127328e+01 7.23381030e+01 7.47944917e+01 7.72812048e+01
 7.97975394e+01 8.23427844e+01 8.49162204e+01 8.75171200e+01
 9.01447482e+01 9.27983623e+01 9.54772123e+01 9.81805412e+01
 1.00907585e+02 1.03657572e+02 1.06429727e+02 1.09223265e+02
 1.12037396e+02 1.14871326e+02 1.17724254e+02 1.20595372e+02
 1.23483871e+02 1.26388932e+02 1.29309736e+02 1.32245457e+02
 1.35195265e+02 1.38158326e+02 1.41133803e+02 1.44120855e+02
 1.47118638e+02 1.50126304e+02 1.53143003e+02 1.56167884e+02
 1.59200090e+02 1.62238765e+02 1.65283050e+02 1.68332085e+02
 1.71385008e+02 1.74440956e+02 1.77499065e+02 1.80558472e+02]

Dataset: kx
Shape: (512,)
Data:
[  0.     0.25   0.5    0.75   1.     1.25   1.5    1.75   2.     2.25
   2.5    2.75   3.     3.25   3.5    3.75   4.     4.25   4.5    4.75
   5.     5.25   5.5    5.75   6.     6.25   6.5    6.75   7.     7.25
   7.5    7.75   8.     8.25   8.5    8.75   9.     9.25   9.5    9.75
  10.    10.25  10.5   10.75  11.    11.25  11.5   11.75  12.    12.25
  12.5   12.75  13.    13.25  13.5   13.75  14.    14.25  14.5   14.75
  15.    15.25  15.5   15.75  16.    16.25  16.5   16.75  17.    17.25
  17.5   17.75  18.    18.25  18.5   18.75  19.    19.25  19.5   19.75
  20.    20.25  20.5   20.75  21.    21.25  21.5   21.75  22.    22.25
  22.5   22.75  23.    23.25  23.5   23.75  24.    24.25  24.5   24.75
  25.    25.25  25.5   25.75  26.    26.25  26.5   26.75  27.    27.25
  27.5   27.75  28.    28.25  28.5   28.75  29.    29.25  29.5   29.75
  30.    30.25  30.5   30.75  31.    31.25  31.5   31.75  32.    32.25
  32.5   32.75  33.    33.25  33.5   33.75  34.    34.25  34.5   34.75
  35.    35.25  35.5   35.75  36.    36.25  36.5   36.75  37.    37.25
  37.5   37.75  38.    38.25  38.5   38.75  39.    39.25  39.5   39.75
  40.    40.25  40.5   40.75  41.    41.25  41.5   41.75  42.    42.25
  42.5   42.75  43.    43.25  43.5   43.75  44.    44.25  44.5   44.75
  45.    45.25  45.5   45.75  46.    46.25  46.5   46.75  47.    47.25
  47.5   47.75  48.    48.25  48.5   48.75  49.    49.25  49.5   49.75
  50.    50.25  50.5   50.75  51.    51.25  51.5   51.75  52.    52.25
  52.5   52.75  53.    53.25  53.5   53.75  54.    54.25  54.5   54.75
  55.    55.25  55.5   55.75  56.    56.25  56.5   56.75  57.    57.25
  57.5   57.75  58.    58.25  58.5   58.75  59.    59.25  59.5   59.75
  60.    60.25  60.5   60.75  61.    61.25  61.5   61.75  62.    62.25
  62.5   62.75  63.    63.25  63.5   63.75  64.    64.25  64.5   64.75
  65.    65.25  65.5   65.75  66.    66.25  66.5   66.75  67.    67.25
  67.5   67.75  68.    68.25  68.5   68.75  69.    69.25  69.5   69.75
  70.    70.25  70.5   70.75  71.    71.25  71.5   71.75  72.    72.25
  72.5   72.75  73.    73.25  73.5   73.75  74.    74.25  74.5   74.75
  75.    75.25  75.5   75.75  76.    76.25  76.5   76.75  77.    77.25
  77.5   77.75  78.    78.25  78.5   78.75  79.    79.25  79.5   79.75
  80.    80.25  80.5   80.75  81.    81.25  81.5   81.75  82.    82.25
  82.5   82.75  83.    83.25  83.5   83.75  84.    84.25  84.5   84.75
  85.    85.25  85.5   85.75  86.    86.25  86.5   86.75  87.    87.25
  87.5   87.75  88.    88.25  88.5   88.75  89.    89.25  89.5   89.75
  90.    90.25  90.5   90.75  91.    91.25  91.5   91.75  92.    92.25
  92.5   92.75  93.    93.25  93.5   93.75  94.    94.25  94.5   94.75
  95.    95.25  95.5   95.75  96.    96.25  96.5   96.75  97.    97.25
  97.5   97.75  98.    98.25  98.5   98.75  99.    99.25  99.5   99.75
 100.   100.25 100.5  100.75 101.   101.25 101.5  101.75 102.   102.25
 102.5  102.75 103.   103.25 103.5  103.75 104.   104.25 104.5  104.75
 105.   105.25 105.5  105.75 106.   106.25 106.5  106.75 107.   107.25
 107.5  107.75 108.   108.25 108.5  108.75 109.   109.25 109.5  109.75
 110.   110.25 110.5  110.75 111.   111.25 111.5  111.75 112.   112.25
 112.5  112.75 113.   113.25 113.5  113.75 114.   114.25 114.5  114.75
 115.   115.25 115.5  115.75 116.   116.25 116.5  116.75 117.   117.25
 117.5  117.75 118.   118.25 118.5  118.75 119.   119.25 119.5  119.75
 120.   120.25 120.5  120.75 121.   121.25 121.5  121.75 122.   122.25
 122.5  122.75 123.   123.25 123.5  123.75 124.   124.25 124.5  124.75
 125.   125.25 125.5  125.75 126.   126.25 126.5  126.75 127.   127.25
 127.5  127.75]

Dataset: kz
Shape: (256,)
Data:
[  0.           0.66666667   1.33333333   2.           2.66666667
   3.33333333   4.           4.66666667   5.33333333   6.
   6.66666667   7.33333333   8.           8.66666667   9.33333333
  10.          10.66666667  11.33333333  12.          12.66666667
  13.33333333  14.          14.66666667  15.33333333  16.
  16.66666667  17.33333333  18.          18.66666667  19.33333333
  20.          20.66666667  21.33333333  22.          22.66666667
  23.33333333  24.          24.66666667  25.33333333  26.
  26.66666667  27.33333333  28.          28.66666667  29.33333333
  30.          30.66666667  31.33333333  32.          32.66666667
  33.33333333  34.          34.66666667  35.33333333  36.
  36.66666667  37.33333333  38.          38.66666667  39.33333333
  40.          40.66666667  41.33333333  42.          42.66666667
  43.33333333  44.          44.66666667  45.33333333  46.
  46.66666667  47.33333333  48.          48.66666667  49.33333333
  50.          50.66666667  51.33333333  52.          52.66666667
  53.33333333  54.          54.66666667  55.33333333  56.
  56.66666667  57.33333333  58.          58.66666667  59.33333333
  60.          60.66666667  61.33333333  62.          62.66666667
  63.33333333  64.          64.66666667  65.33333333  66.
  66.66666667  67.33333333  68.          68.66666667  69.33333333
  70.          70.66666667  71.33333333  72.          72.66666667
  73.33333333  74.          74.66666667  75.33333333  76.
  76.66666667  77.33333333  78.          78.66666667  79.33333333
  80.          80.66666667  81.33333333  82.          82.66666667
  83.33333333  84.          84.66666667  85.33333333  86.
  86.66666667  87.33333333  88.          88.66666667  89.33333333
  90.          90.66666667  91.33333333  92.          92.66666667
  93.33333333  94.          94.66666667  95.33333333  96.
  96.66666667  97.33333333  98.          98.66666667  99.33333333
 100.         100.66666667 101.33333333 102.         102.66666667
 103.33333333 104.         104.66666667 105.33333333 106.
 106.66666667 107.33333333 108.         108.66666667 109.33333333
 110.         110.66666667 111.33333333 112.         112.66666667
 113.33333333 114.         114.66666667 115.33333333 116.
 116.66666667 117.33333333 118.         118.66666667 119.33333333
 120.         120.66666667 121.33333333 122.         122.66666667
 123.33333333 124.         124.66666667 125.33333333 126.
 126.66666667 127.33333333 128.         128.66666667 129.33333333
 130.         130.66666667 131.33333333 132.         132.66666667
 133.33333333 134.         134.66666667 135.33333333 136.
 136.66666667 137.33333333 138.         138.66666667 139.33333333
 140.         140.66666667 141.33333333 142.         142.66666667
 143.33333333 144.         144.66666667 145.33333333 146.
 146.66666667 147.33333333 148.         148.66666667 149.33333333
 150.         150.66666667 151.33333333 152.         152.66666667
 153.33333333 154.         154.66666667 155.33333333 156.
 156.66666667 157.33333333 158.         158.66666667 159.33333333
 160.         160.66666667 161.33333333 162.         162.66666667
 163.33333333 164.         164.66666667 165.33333333 166.
 166.66666667 167.33333333 168.         168.66666667 169.33333333
 170.        ]

Dataset: nu
Shape: (1,)
Data:
[0.00035]

Dataset: nx
Shape: (1,)
Data:
[1024]

Dataset: ny
Shape: (1,)
Data:
[192]

Dataset: nz
Shape: (1,)
Data:
[512]

Dataset: u_tau
Shape: (1,)
Data:
[0.06373094]

